15
   0  15   8   2   5  20   7  17  11  20   2   8   9   8  15 
  15   0  10   6   5   4   9  12  10  14  20  15   1  17   7 
   8  10   0   4   4  12   4   7  15  18  17   2  15   9  11 
   2   6   4   0  14  10  20   2   1   8  16  17  17   6   1 
   5   5   4  14   0  15   9  20   1  11  13   9  15  20   3 
  20   4  12  10  15   0  18  16  13  15  12   6  18   6  14 
   7   9   4  20   9  18   0   5   7  20   9   3  18  11  12 
  17  12   7   2  20  16   5   0  18   5  10   8  17   1   5 
  11  10  15   1   1  13   7  18   0   4   3   3   9   2   3 
  20  14  18   8  11  15  20   5   4   0   1  10   4   6  11 
   2  20  17  16  13  12   9  10   3   1   0  13   9   5  12 
   8  15   2  17   9   6   3   8   3  10  13   0   2   7   7 
   9   1  15  17  15  18  18  17   9   4   9   2   0  15   5 
   8  17   9   6  20   6  11   1   2   6   5   7  15   0  12 
  15   7  11   1   3  14  12   5   3  11  12   7   5  12   0 
