10
   0  15   1   6  15   9  18  20   1  15 
  15   0  15  14   7  10   9  11  10  10 
   1  15   0   7  19   2  18   8  12   9 
   6  14   7   0   8  19   1  20   6  20 
  15   7  19   8   0  10   7   8   5   6 
   9  10   2  19  10   0  12  17  11  18 
  18   9  18   1   7  12   0  13   1  19 
  20  11   8  20   8  17  13   0   5  10 
   1  10  12   6   5  11   1   5   0  15 
  15  10   9  20   6  18  19  10  15   0 
